%YAML:1.0
camera_matrix: !!opencv-matrix
  rows: 3
  cols: 3
  dt: f
  data: [1045.115003, 0, 1503.226466, 0, 1045.231008, 1483.015172, 0, 0, 1]
distortion_coefficients: !!opencv-matrix
  rows: 1
  cols: 4
  dt: f
  data: [-0.076904, 0.003767, -0.001645, 0.000225]

new_camera_matrix: !!opencv-matrix
  rows: 3
  cols: 3
  dt: f
  data: [1500.0, 0, 1500.0, 0, 1500.0, 1500.0, 0, 0, 1]
  
extrinsics: !!opencv-matrix
  rows: 4
  cols: 4
  dt: d
  data: [-0.0055755, 0.999835, -0.0173053, -0.0399568, 0.0611648, -0.0169322, -0.997984, 0.317649, -0.998112, -0.00662274, -0.0610603, -0.0235294, 0, 0, 0, 1]
