%YAML:1.0
camera_matrix: !!opencv-matrix
  rows: 3
  cols: 3
  dt: f
  data: [1045.115003, 0, 1503.226466, 0, 1045.231008, 1483.015172, 0, 0, 1]
distortion_coefficients: !!opencv-matrix
  rows: 1
  cols: 4
  dt: f
  data: [-0.076904, 0.003767, -0.001645, 0.000225]

new_camera_matrix: !!opencv-matrix
  rows: 3
  cols: 3
  dt: f
  data: [1500.0, 0, 1500.0, 0, 1500.0, 1500.0, 0, 0, 1]

resize_camera_matrix: !!opencv-matrix
  rows: 3
  cols: 3
  dt: f
  data: [400.0, 0, 400.0, 0, 400.0, 400.0, 0, 0, 1]
  
extrinsics: !!opencv-matrix
  rows: 4
  cols: 4
  dt: d
  data: [-0.00297174, 0.99999, -0.00331239, 0.0642425, 0.00781543, -0.00328908, -0.999964, 0.281943, -0.999965, -0.00299752, -0.00780558, 0.0424095, 0, 0, 0, 1]
